0 0.171875 0.12756849315068491 0.11328125 0.07277397260273973
0 0.38541666666666663 0.14169520547945205 0.10807291666666666 0.060787671232876705
0 0.38541666666666663 0.2810359589041096 0.10677083333333333 0.05950342465753424
0 0.173828125 0.2947345890410959 0.109375 0.05351027397260274
0 0.38671875 0.3996147260273972 0.10546875 0.05950342465753424
0 0.173828125 0.44285102739726023 0.10807291666666666 0.056078767123287666
0 0.38736979166666663 0.516695205479452 0.10677083333333333 0.059075342465753425
0 0.17415364583333331 0.5946061643835616 0.10872395833333333 0.05565068493150685
0 0.38639322916666663 0.6339897260273972 0.10481770833333333 0.05821917808219178
0 0.17252604166666666 0.7422945205479452 0.109375 0.05565068493150685
0 0.38736979166666663 0.758347602739726 0.10416666666666666 0.057791095890410954
0 0.3876953125 0.892765410958904 0.107421875 0.0586472602739726
0 0.17317708333333331 0.9090325342465753 0.10807291666666666 0.0723458904109589
1 0.17447916666666666 0.1331335616438356 0.04427083333333333 0.026541095890410957
1 0.39029947916666663 0.14340753424657535 0.04231770833333333 0.026541095890410957
1 0.17220052083333331 0.2985873287671233 0.04231770833333333 0.026969178082191778
1 0.39029947916666663 0.28274828767123283 0.04231770833333333 0.02525684931506849
1 0.1748046875 0.4456335616438356 0.044921875 0.025684931506849314
1 0.3916015625 0.4013270547945205 0.044921875 0.026113013698630137
1 0.3909505208333333 0.5188356164383562 0.04622395833333333 0.025684931506849314
1 0.173828125 0.5971746575342466 0.04296875 0.025684931506849314
1 0.3896484375 0.6359160958904109 0.043619791666666664 0.02525684931506849
1 0.17220052083333331 0.7429366438356164 0.04231770833333333 0.026969178082191778
1 0.392578125 0.7589897260273972 0.04296875 0.025684931506849314
1 0.17252604166666666 0.9128852739726027 0.04427083333333333 0.026113013698630137
1 0.3896484375 0.8936215753424657 0.043619791666666664 0.026113013698630137
2 0.6490885416666666 0.2660530821917808 0.5221354166666666 0.2555650684931507
2 0.5416666666666666 0.2737585616438356 0.73828125 0.2915239726027397
2 0.6513671875 0.3623715753424657 0.521484375 0.1699486301369863
2 0.5406901041666666 0.3829195205479452 0.736328125 0.18107876712328766
2 0.6526692708333333 0.44863013698630133 0.5240885416666666 0.10616438356164383
2 0.5432942708333333 0.48373287671232873 0.7350260416666666 0.08732876712328766
2 0.6520182291666666 0.533390410958904 0.5201822916666666 0.0410958904109589
2 0.5439453125 0.5890410958904109 0.7337239583333333 0.030821917808219176
2 0.6510416666666666 0.6211472602739726 0.51953125 0.040239726027397255
2 0.5423177083333333 0.6875 0.7369791666666666 0.11900684931506848
2 0.6529947916666666 0.7086900684931506 0.51953125 0.10830479452054793
2 0.5416666666666666 0.7985873287671232 0.7408854166666666 0.23501712328767121
2 0.6484375 0.8028681506849314 0.5247395833333333 0.1879280821917808
